000000000000000000000000000000000000000000
020408163265306122448979591836734693877551
040816326530612244897959183673469387755102
061224489795918367346938775510204081632653
081632653061224489795918367346938775510204
102040816326530612244897959183673469387755
122448979591836734693877551020408163265306
142857142857142857142857142857142857142857
163265306122448979591836734693877551020408
183673469387755102040816326530612244897959
204081632653061224489795918367346938775510
224489795918367346938775510204081632653061
244897959183673469387755102040816326530612
265306122448979591836734693877551020408163
285714285714285714285714285714285714285714
306122448979591836734693877551020408163265
326530612244897959183673469387755102040816
346938775510204081632653061224489795918367
367346938775510204081632653061224489795918
387755102040816326530612244897959183673469
408163265306122448979591836734693877551020
428571428571428571428571428571428571428571
448979591836734693877551020408163265306122
469387755102040816326530612244897959183673
489795918367346938775510204081632653061224
510204081632653061224489795918367346938775
530612244897959183673469387755102040816326
551020408163265306122448979591836734693877
571428571428571428571428571428571428571428
591836734693877551020408163265306122448979
612244897959183673469387755102040816326530
632653061224489795918367346938775510204081
653061224489795918367346938775510204081632
673469387755102040816326530612244897959183
693877551020408163265306122448979591836734
714285714285714285714285714285714285714285
734693877551020408163265306122448979591836
755102040816326530612244897959183673469387
775510204081632653061224489795918367346938
795918367346938775510204081632653061224489
816326530612244897959183673469387755102040
836734693877551020408163265306122448979591
857142857142857142857142857142857142857142
877551020408163265306122448979591836734693
897959183673469387755102040816326530612244
918367346938775510204081632653061224489795
938775510204081632653061224489795918367346
959183673469387755102040816326530612244897
979591836734693877551020408163265306122448
999999999999999999999999999999999999999999