000000000000000000000000000000000000000000000000000000000000000000000000000000000000000000000000
010309278350515463917525773195876288659793814432989690721649484536082474226804123711340206185567
020618556701030927835051546391752577319587628865979381443298969072164948453608247422680412371134
030927835051546391752577319587628865979381443298969072164948453608247422680412371134020618556701
041237113402061855670103092783505154639175257731958762886597938144329896907216494845360824742268
051546391752577319587628865979381443298969072164948453608247422680412371134020618556701030927835
061855670103092783505154639175257731958762886597938144329896907216494845360824742268041237113402
072164948453608247422680412371134020618556701030927835051546391752577319587628865979381443298969
082474226804123711340206185567010309278350515463917525773195876288659793814432989690721649484536
092783505154639175257731958762886597938144329896907216494845360824742268041237113402061855670103
103092783505154639175257731958762886597938144329896907216494845360824742268041237113402061855670
113402061855670103092783505154639175257731958762886597938144329896907216494845360824742268041237
123711340206185567010309278350515463917525773195876288659793814432989690721649484536082474226804
134020618556701030927835051546391752577319587628865979381443298969072164948453608247422680412371
144329896907216494845360824742268041237113402061855670103092783505154639175257731958762886597938
154639175257731958762886597938144329896907216494845360824742268041237113402061855670103092783505
164948453608247422680412371134020618556701030927835051546391752577319587628865979381443298969072
175257731958762886597938144329896907216494845360824742268041237113402061855670103092783505154639
185567010309278350515463917525773195876288659793814432989690721649484536082474226804123711340206
195876288659793814432989690721649484536082474226804123711340206185567010309278350515463917525773
206185567010309278350515463917525773195876288659793814432989690721649484536082474226804123711340
216494845360824742268041237113402061855670103092783505154639175257731958762886597938144329896907
226804123711340206185567010309278350515463917525773195876288659793814432989690721649484536082474
237113402061855670103092783505154639175257731958762886597938144329896907216494845360824742268041
247422680412371134020618556701030927835051546391752577319587628865979381443298969072164948453608
257731958762886597938144329896907216494845360824742268041237113402061855670103092783505154639175
268041237113402061855670103092783505154639175257731958762886597938144329896907216494845360824742
278350515463917525773195876288659793814432989690721649484536082474226804123711340206185567010309
288659793814432989690721649484536082474226804123711340206185567010309278350515463917525773195876
298969072164948453608247422680412371134020618556701030927835051546391752577319587628865979381443
309278350515463917525773195876288659793814432989690721649484536082474226804123711340206185567010
319587628865979381443298969072164948453608247422680412371134020618556701030927835051546391752577
329896907216494845360824742268041237113402061855670103092783505154639175257731958762886597938144
340206185567010309278350515463917525773195876288659793814432989690721649484536082474226804123711
350515463917525773195876288659793814432989690721649484536082474226804123711340206185567010309278
360824742268041237113402061855670103092783505154639175257731958762886597938144329896907216494845
371134020618556701030927835051546391752577319587628865979381443298969072164948453608247422680412
381443298969072164948453608247422680412371134020618556701030927835051546391752577319587628865979
391752577319587628865979381443298969072164948453608247422680412371134020618556701030927835051546
402061855670103092783505154639175257731958762886597938144329896907216494845360824742268041237113
412371134020618556701030927835051546391752577319587628865979381443298969072164948453608247422680
422680412371134020618556701030927835051546391752577319587628865979381443298969072164948453608247
432989690721649484536082474226804123711340206185567010309278350515463917525773195876288659793814
443298969072164948453608247422680412371134020618556701030927835051546391752577319587628865979381
453608247422680412371134020618556701030927835051546391752577319587628865979381443298969072164948
463917525773195876288659793814432989690721649484536082474226804123711340206185567010309278350515
474226804123711340206185567010309278350515463917525773195876288659793814432989690721649484536082
484536082474226804123711340206185567010309278350515463917525773195876288659793814432989690721649
494845360824742268041237113402061855670103092783505154639175257731958762886597938144329896907216
505154639175257731958762886597938144329896907216494845360824742268041237113402061855670103092783
515463917525773195876288659793814432989690721649484536082474226804123711340206185567010309278350
525773195876288659793814432989690721649484536082474226804123711340206185567010309278350515463917
536082474226804123711340206185567010309278350515463917525773195876288659793814432989690721649484
546391752577319587628865979381443298969072164948453608247422680412371134020618556701030927835051
556701030927835051546391752577319587628865979381443298969072164948453608247422680412371134020618
567010309278350515463917525773195876288659793814432989690721649484536082474226804123711340206185
577319587628865979381443298969072164948453608247422680412371134020618556701030927835051546391752
587628865979381443298969072164948453608247422680412371134020618556701030927835051546391752577319
597938144329896907216494845360824742268041237113402061855670103092783505154639175257731958762886
608247422680412371134020618556701030927835051546391752577319587628865979381443298969072164948453
618556701030927835051546391752577319587628865979381443298969072164948453608247422680412371134020
628865979381443298969072164948453608247422680412371134020618556701030927835051546391752577319587
639175257731958762886597938144329896907216494845360824742268041237113402061855670103092783505154
649484536082474226804123711340206185567010309278350515463917525773195876288659793814432989690721
659793814432989690721649484536082474226804123711340206185567010309278350515463917525773195876288
670103092783505154639175257731958762886597938144329896907216494845360824742268041237113402061855
680412371134020618556701030927835051546391752577319587628865979381443298969072164948453608247422
690721649484536082474226804123711340206185567010309278350515463917525773195876288659793814432989
701030927835051546391752577319587628865979381443298969072164948453608247422680412371134020618556
711340206185567010309278350515463917525773195876288659793814432989690721649484536082474226804123
721649484536082474226804123711340206185567010309278350515463917525773195876288659793814432989690
731958762886597938144329896907216494845360824742268041237113402061855670103092783505154639175257
742268041237113402061855670103092783505154639175257731958762886597938144329896907216494845360824
752577319587628865979381443298969072164948453608247422680412371134020618556701030927835051546391
762886597938144329896907216494845360824742268041237113402061855670103092783505154639175257731958
773195876288659793814432989690721649484536082474226804123711340206185567010309278350515463917525
783505154639175257731958762886597938144329896907216494845360824742268041237113402061855670103092
793814432989690721649484536082474226804123711340206185567010309278350515463917525773195876288659
804123711340206185567010309278350515463917525773195876288659793814432989690721649484536082474226
814432989690721649484536082474226804123711340206185567010309278350515463917525773195876288659793
824742268041237113402061855670103092783505154639175257731958762886597938144329896907216494845360
835051546391752577319587628865979381443298969072164948453608247422680412371134020618556701030927
845360824742268041237113402061855670103092783505154639175257731958762886597938144329896907216494
855670103092783505154639175257731958762886597938144329896907216494845360824742268041237113402061
865979381443298969072164948453608247422680412371134020618556701030927835051546391752577319587628
876288659793814432989690721649484536082474226804123711340206185567010309278350515463917525773195
886597938144329896907216494845360824742268041237113402061855670103092783505154639175257731958762
896907216494845360824742268041237113402061855670103092783505154639175257731958762886597938144329
907216494845360824742268041237113402061855670103092783505154639175257731958762886597938144329896
917525773195876288659793814432989690721649484536082474226804123711340206185567010309278350515463
927835051546391752577319587628865979381443298969072164948453608247422680412371134020618556701030
938144329896907216494845360824742268041237113402061855670103092783505154639175257731958762886597
948453608247422680412371134020618556701030927835051546391752577319587628865979381443298969072164
958762886597938144329896907216494845360824742268041237113402061855670103092783505154639175257731
969072164948453608247422680412371134020618556701030927835051546391752577319587628865979381443298
979381443298969072164948453608247422680412371134020618556701030927835051546391752577319587628865
989690721649484536082474226804123711340206185567010309278350515463917525773195876288659793814432
999999999999999999999999999999999999999999999999999999999999999999999999999999999999999999999999